Default (Slightly blurred)
#up_h
  0   0 128   0   0
 -1  13 124  -8   0
 -2  30 112 -11  -1
 -5  51  95 -11  -2
  0  -9  73  73  -9
 -2 -11  95  51  -5
 -1 -11 112  30  -2
  0  -8 124  13  -1
#up_v3
  0   0 128   0   0
  0   3 123   2   0
  0  12 111   5   0
  0  32  89   7   0
  0   0  64  64   0
  0   7  89  32   0
  0   5 111  12   0
  0   2 123   3   0
#up_v5
  0   0 128   0   0
 -1  13 124  -8   0
 -2  30 112 -11  -1
 -5  51  95 -11  -2
  0  -9  73  73  -9
 -2 -11  95  51  -5
 -1 -11 112  30  -2
  0  -8 124  13  -1
 
